For 100 nodes
168.885 , 175.017 , 45.861 , 115.016 , 225.016 , 2.000 , 2.000 , 0.000 2.000 , 2.000
For 250 nodes
301.582 , 320.024 , 41.966 , 220.018 , 425.019 , 2.000 , 2.000 , 0.000 2.000 , 2.000
For 400 nodes
356.076 , 335.020 , 41.501 , 320.013 , 440.020 , 2.000 , 2.000 , 0.000 2.000 , 2.000
For 550 nodes
415.010 , 425.131 , 30.461 , 335.011 , 451.009 , 2.000 , 2.000 , 0.000 2.000 , 2.000
For 700 nodes
13.904 , 15.004 , 2.406 , 10.004 , 20.004 , 16.290 , 16.000 , 1.734 13.000 , 21.000
For 850 nodes
14.354 , 15.004 , 1.681 , 10.004 , 15.004 , 16.900 , 17.000 , 1.758 13.000 , 23.000
For 1000 nodes
14.154 , 15.004 , 2.007 , 10.004 , 20.004 , 16.680 , 16.500 , 1.783 13.000 , 22.000
For 1150 nodes
14.354 , 15.004 , 1.956 , 10.004 , 20.004 , 17.080 , 17.000 , 1.911 13.000 , 23.000
For 1300 nodes
14.504 , 15.004 , 1.803 , 10.004 , 20.004 , 17.310 , 17.000 , 1.880 14.000 , 23.000
For 1450 nodes
14.659 , 15.004 , 1.571 , 10.004 , 20.004 , 17.672 , 18.000 , 1.716 14.000 , 21.000
For 1600 nodes
14.577 , 15.004 , 1.600 , 10.004 , 20.004 , 17.732 , 18.000 , 1.835 14.000 , 23.000
