325.010909
337.640000
216.987273
443.601818
200.692727
254.358182
289.547273
256.041818
198.252727
248.841818
188.652727
211.641818
283.958182
380.700000
282.549091
305.949091
244.770909
216.694545
306.629091
240.007273
374.545455
416.374545
324.187273
325.883636
230.209091
330.070909
245.567273
308.272727
271.985455
289.712727
337.856364
240.307273
224.814545
272.900000
275.298182
367.616364
343.860000
226.369091
264.443636
331.383636
403.600000
307.496364
294.985455
298.789091
378.847273
241.292727
264.070909
382.292727
327.514545
368.556364
199.516364
230.469091
274.338182
268.290909
273.160000
257.721818
214.434545
254.696364
329.263636
262.221818
266.396364
283.445455
238.367273
254.125455
296.820000
338.650909
245.216364
217.498182
379.430909
267.374545
270.843636
249.125455
279.492727
207.867273
247.200000
301.616364
221.660000
322.207273
356.621818
268.709091
286.981818
281.365455
278.941818
272.012727
227.365455
251.254545
307.827273
265.436364
225.980000
383.372727
376.934545
337.652727
377.489091
184.858182
389.303636
286.376364
285.710909
237.874545
322.329091
264.749091
