335.424000
398.616000
215.372000
309.248000
269.736000
265.220000
295.892000
269.384000
282.272000
259.872000
360.160000
226.056000
389.576000
392.532000
313.580000
331.220000
502.208000
235.432000
202.988000
236.936000
331.560000
348.264000
296.360000
264.172000
312.296000
365.396000
274.344000
263.476000
244.096000
249.476000
249.384000
484.576000
238.784000
242.004000
315.688000
336.496000
376.368000
202.748000
388.636000
235.300000
391.316000
341.896000
246.944000
270.452000
330.300000
299.092000
234.316000
314.236000
241.440000
332.432000
329.764000
284.132000
276.840000
327.684000
279.560000
223.032000
278.316000
235.144000
268.860000
339.932000
347.024000
424.436000
248.128000
231.636000
301.996000
233.236000
321.516000
231.464000
260.316000
323.308000
228.884000
222.544000
309.544000
324.960000
240.236000
382.784000
183.696000
214.812000
227.024000
266.124000
411.688000
357.400000
373.488000
268.260000
266.300000
307.172000
209.188000
274.680000
287.920000
322.272000
241.620000
405.252000
335.540000
272.904000
239.708000
309.548000
304.452000
458.456000
333.252000
378.432000
