248.230000
218.030000
182.170000
301.000000
303.510000
212.520000
257.330000
153.820000
330.050000
288.690000
224.930000
373.220000
222.300000
262.400000
276.590000
220.930000
314.970000
215.950000
223.540000
265.730000
277.290000
200.180000
183.500000
302.910000
281.380000
194.650000
268.700000
224.930000
281.710000
300.110000
291.730000
200.280000
166.250000
270.380000
222.130000
215.190000
301.770000
269.900000
142.900000
226.780000
232.370000
293.410000
298.360000
290.820000
204.060000
425.680000
195.400000
281.150000
287.130000
262.910000
282.400000
281.380000
280.160000
297.410000
319.010000
270.590000
179.040000
192.870000
290.490000
161.430000
311.710000
275.960000
232.630000
245.920000
213.030000
281.510000
187.150000
259.730000
210.330000
233.480000
216.880000
265.220000
229.030000
229.400000
219.110000
245.540000
230.180000
182.420000
211.280000
199.500000
299.840000
244.940000
275.750000
172.340000
368.810000
290.720000
312.010000
208.780000
130.230000
351.950000
335.490000
186.890000
281.010000
237.840000
