356.270000
301.072500
247.865000
375.705000
268.062500
206.870000
200.652500
326.475000
269.672500
257.827500
348.617500
255.320000
327.075000
345.482500
326.195000
274.257500
234.990000
223.167500
314.717500
251.180000
229.482500
305.555000
352.225000
260.997500
300.510000
245.287500
263.742500
287.905000
372.945000
441.692500
342.280000
229.577500
327.070000
195.585000
414.052500
238.115000
231.785000
350.562500
268.447500
235.552500
254.525000
229.822500
272.795000
284.945000
269.872500
381.477500
257.437500
300.877500
311.805000
272.422500
401.045000
247.512500
312.645000
290.857500
238.310000
250.172500
293.832500
277.845000
253.925000
237.642500
296.650000
365.810000
360.747500
243.827500
260.447500
233.395000
297.137500
339.125000
205.480000
247.692500
234.455000
365.942500
309.172500
303.997500
374.330000
391.380000
293.157500
352.997500
258.267500
254.825000
315.400000
319.892500
326.857500
310.187500
320.705000
281.702500
214.550000
298.115000
291.712500
329.320000
552.180000
294.480000
280.425000
242.225000
353.637500
291.725000
327.312500
319.520000
233.865000
287.890000
