360.579000
438.358000
474.854000
403.357000
488.904000
367.986000
306.186000
473.643000
433.042000
384.671000
327.007000
353.265000
376.327000
491.758000
319.461000
445.166000
377.906000
430.482000
356.392000
392.693000
372.094000
352.629000
333.499000
432.922000
409.604000
410.546000
400.292000
472.770000
309.813000
330.727000
446.737000
380.526000
410.959000
444.179000
395.017000
387.254000
444.075000
487.381000
404.525000
424.202000
319.612000
534.477000
369.889000
342.653000
502.307000
473.101000
374.977000
448.036000
380.997000
421.297000
360.217000
405.552000
412.391000
376.679000
358.287000
345.098000
553.321000
394.821000
347.714000
475.807000
435.136000
424.372000
394.811000
526.230000
395.635000
487.683000
458.507000
344.025000
467.617000
429.395000
363.195000
484.620000
454.853000
454.421000
399.569000
417.834000
435.061000
429.052000
364.632000
404.406000
441.623000
367.686000
329.943000
469.758000
354.096000
369.120000
483.529000
477.735000
412.789000
532.202000
338.999000
370.885000
318.550000
385.477000
449.248000
444.917000
391.924000
462.390000
409.835000
400.067000
