462.135294
327.812941
432.295294
476.777647
334.737647
350.671765
305.160000
411.347059
383.123529
415.505882
433.482353
374.897647
462.991765
478.282353
395.494118
367.817647
384.044706
384.798824
361.405882
298.810588
336.374118
454.191765
372.263529
417.940000
315.069412
297.161176
404.048235
347.724706
310.650588
462.737647
398.615294
440.997647
407.276471
360.720000
291.128235
431.282353
278.755294
272.363529
347.634118
349.395294
380.847059
376.972941
274.204706
346.610588
375.411765
536.707059
393.602353
291.283529
257.783529
429.305882
279.800000
381.597647
354.570588
385.721176
375.627059
351.507059
483.351765
428.294118
391.452941
475.672941
326.400000
386.960000
470.520000
436.980000
327.432941
383.470588
447.921176
331.848235
370.075294
339.810588
219.681176
361.945882
399.377647
290.828235
390.878824
340.931765
331.042353
364.883529
243.867059
342.537647
303.785882
389.211765
247.504706
359.965882
343.092941
336.394118
342.314118
380.275294
428.281176
315.078824
352.494118
329.280000
468.216471
307.336471
348.621176
533.755294
357.600000
407.441176
451.511765
373.850588
