285.211429
257.010000
287.802857
314.637143
265.792857
316.407143
358.477143
248.220000
343.884286
453.872857
335.282857
455.850000
310.472857
315.090000
459.637143
336.494286
359.102857
318.348571
433.620000
341.784286
294.905714
291.885714
288.358571
398.434286
383.342857
233.767143
400.205714
240.027143
365.697143
519.538571
408.841429
404.857143
338.652857
485.198571
245.347143
257.167143
311.344286
325.044286
407.274286
342.811429
342.320000
314.600000
331.557143
300.535714
321.575714
289.558571
267.158571
409.375714
334.640000
363.768571
320.054286
265.442857
483.912857
269.757143
331.061429
317.960000
367.731429
363.192857
411.317143
396.861429
344.490000
285.018571
435.801429
392.312857
370.030000
260.624286
328.840000
488.975714
320.291429
354.732857
287.625714
314.985714
316.952857
303.285714
382.794286
389.178571
376.244286
385.144286
280.622857
476.694286
334.225714
349.581429
370.328571
346.030000
297.008571
231.267143
339.660000
481.154286
306.812857
365.961429
278.775714
419.267143
415.238571
373.978571
193.180000
460.600000
391.567143
342.648571
393.934286
327.822857
