425.014023
365.014002
425.014343
332.010282
425.014726
325.014122
330.010722
330.018503
340.024008
340.015281
325.007739
330.012882
425.008686
345.032843
425.013747
325.014594
325.016322
330.015302
425.013542
330.018282
330.015766
325.018662
425.019582
425.019203
330.011702
325.023482
325.010260
330.004643
425.006447
425.023022
335.017862
325.020022
331.014742
325.018922
345.011705
335.013502
330.014302
425.011702
325.016777
330.020282
426.007222
325.015121
340.022455
425.030842
335.014302
340.015566
330.007382
330.018361
335.044121
330.025615
350.011802
331.006882
325.009962
426.007541
325.015322
337.008182
320.020369
330.012262
330.018842
330.013066
390.014282
330.018842
340.015505
325.016376
330.034067
325.013426
340.014042
425.006747
321.285658
330.016862
320.021036
340.022952
426.007422
335.013561
335.009222
415.019002
322.008129
325.016668
322.012142
320.016842
330.037596
320.010082
320.269544
330.014382
335.020201
325.018323
320.025111
330.027014
425.023946
331.006245
336.007880
336.012045
325.021397
325.019702
425.077948
325.004799
340.020361
336.009388
325.007883
337.006466
