336.007322
425.014483
332.006606
426.004200
430.014903
340.016263
405.007766
430.021421
430.015883
340.007842
336.007503
425.066766
426.007923
425.009203
425.017303
385.008283
426.009706
336.006626
435.012162
341.017304
427.009046
426.010506
426.007323
426.011113
435.008942
430.016122
425.010142
425.072153
425.014362
425.057199
435.018622
440.012262
425.018031
350.011183
370.011842
426.004100
426.007163
430.013622
426.011599
430.018943
440.016902
425.018599
335.019372
425.017362
430.022042
425.012343
340.015082
425.014223
425.022896
435.019172
385.014683
425.020002
425.007780
425.119897
425.015323
426.006983
380.013922
425.016735
425.049600
430.017543
426.010482
435.016722
425.015723
425.020923
346.013163
425.025569
340.023162
425.016703
440.009821
425.012783
425.019778
430.020683
430.025656
430.020442
530.013807
333.014683
425.023934
445.009222
435.008942
427.011763
425.070811
440.014702
430.015763
426.010626
390.014926
435.016142
430.020422
405.011102
425.047921
425.042390
350.015462
427.007835
425.018678
335.004283
425.020597
340.025120
340.008662
370.010562
440.012142
430.014766
