321.007962
260.021321
321.015377
330.018301
230.017121
321.006506
320.019962
320.046978
321.010902
220.117710
320.043552
221.007844
230.008105
330.009062
323.008042
320.027089
235.015921
322.008422
245.013062
321.006826
321.014300
226.011577
320.015221
325.018022
320.070393
320.013162
321.008002
225.026015
310.013122
320.011766
320.024484
320.022401
245.015002
220.027769
245.011282
320.061751
230.023725
320.042775
270.007782
325.014786
330.020002
320.035851
320.033068
226.008982
321.007382
320.030389
321.008402
230.048540
320.144239
321.007380
227.007721
320.028693
321.006546
260.019282
321.008202
320.020382
321.006486
226.006826
321.013125
320.021420
280.018222
320.018930
231.006806
321.006986
290.019102
321.009424
330.021601
230.013161
321.007922
320.105753
227.017444
321.011924
231.011116
321.008904
320.021839
325.015721
225.015685
225.017651
285.011961
225.020216
322.007702
321.015577
230.017240
320.022908
320.012862
320.022487
325.019061
322.014142
321.010136
322.009544
320.030606
235.015902
315.016082
321.007442
320.014956
230.022144
230.019476
323.008122
321.007273
330.020021
