535.023243
536.006324
635.006627
545.026034
535.019242
530.014113
532.007088
535.025262
550.012783
595.011964
550.013427
535.018711
550.013843
635.012364
531.014460
550.033955
535.010324
635.024301
550.007743
561.010183
550.019223
531.021860
475.012584
550.014507
565.016903
530.086839
540.019063
635.055418
536.011044
530.069843
545.022894
532.718179
470.022418
545.007363
555.023282
545.023963
560.007568
552.006926
550.012220
540.021222
530.066493
550.020597
635.019104
530.010084
635.023112
635.014304
531.007793
550.021003
550.013763
555.016003
535.016944
560.014801
533.278198
556.012715
550.012967
533.013584
565.018877
560.011543
555.016502
636.009612
550.005679
552.010323
545.010807
635.035425
565.011363
561.005983
635.020204
545.020723
560.049633
635.022644
530.065482
635.006823
645.019039
635.014441
635.021292
555.027417
545.023442
636.008724
545.011507
535.015344
560.028996
530.097959
530.035069
635.012044
531.009520
532.008022
560.019923
600.020937
545.014623
640.020504
470.019683
550.016823
540.015703
635.052281
635.007524
550.008427
550.009643
561.009269
550.029093
545.015040
