215.034897
118.014101
117.010361
135.016861
155.010905
130.015465
121.006341
116.007721
215.019941
215.017061
215.014365
120.042346
140.012561
120.014565
120.020678
118.012521
215.018241
215.019541
215.021061
120.018821
190.020861
118.006665
118.006565
220.008945
120.035729
118.008641
135.015841
216.010041
215.024790
135.023021
120.018461
115.112863
117.011241
215.017981
215.016821
215.014725
216.014903
120.014860
117.007961
216.008041
160.008861
215.018901
125.016061
220.013101
118.012841
220.013021
118.011201
145.010565
220.016831
215.018681
215.038362
215.036253
120.018554
115.033858
215.020191
121.006565
217.012161
215.013101
215.016861
150.016141
120.020041
140.020281
215.052657
215.012065
215.016161
117.009187
215.020955
120.017160
117.008807
117.009167
220.013821
215.029351
216.006485
118.010395
216.009581
215.022716
117.012446
125.015841
185.014201
117.015141
215.018921
155.019881
215.022883
115.051775
120.020151
115.022190
120.026490
215.020081
215.026776
215.015321
220.018061
116.018281
121.010321
118.006585
