550.017983
540.023752
540.011263
532.014574
440.030175
545.019223
531.006463
530.018224
535.009164
475.013203
545.012684
550.019463
535.018343
545.021363
533.008764
530.012004
533.006788
530.013060
455.017842
445.022997
455.016686
535.018743
530.020923
510.017103
535.010908
532.009463
531.006757
530.053892
450.014023
485.010123
530.148175
536.013247
535.011523
530.012904
532.007244
525.011804
535.018263
530.011104
530.024303
531.011507
450.018343
530.072888
531.008926
531.006784
532.006967
635.015844
535.016437
540.019083
440.004584
535.019943
530.017281
550.008467
530.106773
535.013843
532.009904
437.011024
560.015802
545.022203
540.010244
530.022825
530.057381
530.035334
551.007023
545.012143
456.011886
450.032692
540.015382
450.020144
531.010323
532.010163
530.015403
531.007204
540.019263
530.080961
533.007947
450.037914
530.058042
532.006747
530.017661
440.014264
535.024442
531.019075
520.014923
555.017043
545.012367
530.014004
465.015003
532.007521
531.007498
533.008771
535.014483
531.010867
530.043473
531.012807
455.015967
555.013802
530.069036
550.024423
532.012624
535.017503
