435.016163
430.019943
430.020583
426.009150
426.009071
445.017063
445.015963
430.021543
450.015782
530.019885
535.020204
446.007843
435.024202
440.017962
445.015434
446.006546
435.015202
440.022198
460.018003
430.011263
425.057281
430.023623
425.204495
436.008163
485.012583
425.017163
427.007221
430.026214
435.040731
531.010223
465.007102
446.012325
428.015323
475.020574
425.031728
425.030345
435.014742
435.008982
435.014943
428.009103
427.008730
430.010742
435.014743
430.018683
440.010507
435.024596
430.015083
515.007527
440.013283
450.014023
435.020142
435.020043
530.025273
435.004604
430.009680
440.017823
530.041712
445.014723
530.035716
531.009623
435.018063
426.010823
436.015466
530.021223
465.017123
430.020619
440.019683
531.008963
530.020263
445.010759
428.013643
430.017303
430.025721
530.016143
540.017703
435.012183
447.011083
445.026337
430.013943
445.014647
435.015163
430.014642
441.016425
446.008142
431.006747
427.007963
427.008661
440.010686
430.018403
455.010343
450.006927
450.018890
450.016314
441.016358
