For 100 nodes
165.444 , 147.513 , 46.105 , 115.022 , 220.018 , 2.000 , 2.000 , 0.000 , 2.000 , 2.000
, 251.290 , 252.780 , 53.355 , 130.230 , 425.680
For 250 nodes
293.791 , 320.028 , 40.876 , 220.028 , 330.022 , 2.000 , 2.000 , 0.000 , 2.000 , 2.000
, 298.380 , 286.026 , 63.960 , 183.696 , 502.208
For 400 nodes
349.072 , 330.031 , 37.700 , 320.010 , 426.008 , 2.000 , 2.000 , 0.000 , 2.000 , 2.000
, 294.252 , 291.285 , 57.402 , 195.585 , 552.180
For 550 nodes
410.948 , 425.045 , 36.348 , 332.007 , 530.014 , 2.000 , 2.000 , 0.000 , 2.000 , 2.000
, 286.222 , 274.818 , 56.128 , 184.858 , 443.602
For 700 nodes
450.646 , 435.524 , 33.656 , 425.017 , 540.018 , 2.000 , 2.000 , 0.000 , 2.000 , 2.000
, 345.936 , 336.494 , 64.604 , 231.267 , 519.539
For 850 nodes
519.211 , 531.007 , 31.561 , 440.030 , 550.019 , 2.000 , 2.000 , 0.000 , 2.000 , 2.000
, 378.470 , 378.910 , 56.026 , 272.364 , 478.282
For 1000 nodes
551.908 , 545.026 , 34.887 , 475.013 , 635.024 , 2.000 , 2.000 , 0.000 , 2.000 , 2.000
, 396.801 , 392.693 , 50.905 , 306.186 , 491.758
For 1150 nodes
624.258 , 635.062 , 33.887 , 551.008 , 660.022 , 2.000 , 2.000 , 0.000 , 2.000 , 2.000
, 434.023 , 425.300 , 78.631 , 327.719 , 659.603
For 1300 nodes
648.952 , 650.029 , 10.165 , 635.013 , 670.042 , 2.000 , 2.000 , 0.000 , 2.000 , 2.000
, 422.143 , 412.311 , 52.623 , 325.800 , 533.887
For 1450 nodes
739.570 , 741.007 , 26.508 , 670.016 , 770.019 , 2.000 , 2.000 , 0.000 , 2.000 , 2.000
, 499.216 , 510.593 , 34.751 , 420.488 , 535.010
For 1600 nodes
751.872 , 745.022 , 12.078 , 741.008 , 775.018 , 2.000 , 2.000 , 0.000 , 2.000 , 2.000
, 490.809 , 469.501 , 43.012 , 441.962 , 572.779
