175.414545
268.180000
115.914545
261.001818
277.923636
361.990909
145.900000
269.661818
278.116364
238.410909
124.640000
199.336364
264.245455
200.230909
223.516364
129.441818
208.596364
214.574545
167.696364
258.874545
153.289091
270.638182
196.029091
231.141818
186.474545
172.400000
240.845455
173.612727
231.596364
213.138182
195.405455
171.454545
175.529091
252.627273
304.454545
139.063636
274.872727
234.032727
163.532727
235.290909
210.338182
242.732727
236.900000
215.600000
212.014545
155.876364
256.156364
317.470909
161.781818
217.783636
279.947273
149.820000
201.112727
202.374545
201.029091
270.549091
242.849091
299.667273
193.378182
233.460000
160.336364
187.118182
213.656364
176.074545
205.027273
195.421818
239.234545
335.200000
186.249091
143.120000
172.223636
323.261818
191.870909
228.923636
212.098182
194.832727
153.130909
284.309091
160.041818
183.654545
150.812727
141.490909
179.009091
286.503636
140.650909
174.780000
181.189091
124.372727
184.260000
188.678182
169.283636
171.861818
179.509091
162.398182
132.816364
211.165455
119.309091
223.450909
201.963636
150.043636
