185.576000
119.324000
189.904000
144.556000
150.800000
175.472000
174.416000
152.780000
227.928000
253.420000
207.880000
192.984000
248.140000
289.508000
175.752000
174.680000
188.708000
143.552000
338.096000
188.832000
238.372000
143.488000
205.496000
137.856000
195.180000
161.756000
190.392000
245.228000
182.120000
159.036000
166.052000
126.372000
112.152000
230.000000
155.092000
181.964000
150.860000
299.236000
189.312000
269.984000
137.836000
170.180000
198.948000
148.632000
190.556000
252.712000
264.640000
190.272000
123.508000
158.028000
210.832000
203.396000
264.288000
188.244000
166.720000
216.752000
179.548000
171.468000
143.448000
166.668000
239.968000
115.952000
200.328000
145.804000
139.776000
279.032000
162.820000
221.696000
130.828000
262.340000
141.988000
251.744000
146.084000
182.788000
171.560000
108.732000
187.600000
141.468000
173.596000
204.496000
342.628000
320.912000
122.512000
288.816000
255.956000
181.716000
192.896000
146.592000
126.472000
294.308000
211.548000
194.268000
209.924000
223.772000
209.396000
238.368000
191.088000
177.044000
202.072000
249.316000
