305.807000
329.529000
250.692000
296.933000
331.715000
220.654000
308.932000
239.795000
336.558000
305.711000
295.530000
348.104000
290.546000
285.868000
322.808000
284.489000
287.826000
296.162000
196.363000
353.608000
231.001000
258.529000
250.821000
269.838000
222.381000
185.991000
331.888000
271.246000
292.017000
328.818000
280.526000
340.057000
331.774000
192.873000
306.148000
363.305000
251.720000
206.281000
311.118000
184.092000
312.273000
200.679000
248.117000
245.526000
317.557000
258.910000
349.331000
267.357000
218.324000
303.511000
359.620000
258.288000
300.063000
222.703000
253.873000
252.870000
268.398000
234.503000
314.550000
368.044000
242.339000
237.804000
328.586000
209.750000
331.076000
354.731000
374.632000
245.424000
284.495000
249.738000
335.956000
201.527000
300.994000
