211.040000
115.660000
227.250000
175.680000
147.990000
352.000000
283.820000
315.540000
343.550000
411.720000
224.030000
174.470000
338.020000
181.490000
305.680000
128.320000
188.210000
201.000000
226.780000
176.600000
185.710000
160.750000
280.040000
112.660000
196.720000
228.100000
371.130000
187.650000
74.190000
174.810000
123.010000
116.240000
166.740000
147.450000
184.980000
273.670000
252.780000
92.710000
329.300000
195.130000
78.760000
153.430000
114.560000
168.820000
104.640000
173.360000
106.360000
184.790000
181.440000
170.470000
273.350000
100.970000
135.380000
186.640000
102.050000
249.700000
104.500000
140.270000
193.080000
195.300000
155.500000
108.720000
186.350000
116.440000
234.560000
213.060000
81.210000
83.670000
265.230000
108.880000
256.560000
168.290000
160.900000
125.760000
174.390000
197.940000
262.400000
194.370000
261.480000
147.200000
196.650000
204.780000
216.480000
190.040000
264.760000
349.760000
141.370000
102.780000
287.810000
213.110000
205.740000
144.450000
117.060000
195.330000
