2.532500
1.990000
1.990000
1.990000
1.577500
1.990000
2.935000
2.627500
1.990000
1.990000
1.990000
2.555000
2.910000
2.542500
2.505000
2.515000
2.540000
2.550000
2.560000
1.990000
2.840000
2.510000
2.905000
1.990000
2.522500
1.990000
1.990000
1.990000
1.990000
1.925000
2.975000
1.990000
1.990000
2.517500
2.930000
1.990000
2.850000
2.940000
1.990000
1.990000
2.870000
1.990000
2.572500
2.565000
1.990000
2.940000
1.990000
2.940000
1.990000
1.990000
1.990000
1.990000
1.990000
1.990000
1.990000
1.990000
1.990000
1.990000
1.990000
2.530000
1.990000
1.990000
2.525000
2.525000
2.565000
2.525000
1.990000
1.990000
1.990000
2.502500
2.485000
2.520000
2.557500
1.990000
2.955000
1.990000
2.522500
1.990000
2.542500
1.990000
2.520000
2.562500
1.990000
2.562500
1.990000
1.990000
2.555000
1.990000
2.547500
2.562500
2.815000
2.815000
2.525000
1.990000
1.990000
2.510000
2.527500
2.542500
1.990000
2.547500
