1.992727
2.560000
2.500000
1.992727
2.789091
2.865455
2.521818
2.540000
1.992727
1.992727
2.530909
1.992727
2.938182
1.992727
2.530909
2.527273
2.843636
1.992727
1.992727
1.992727
1.992727
1.992727
1.992727
1.992727
1.992727
1.992727
2.869091
1.992727
1.992727
2.916364
1.992727
1.992727
1.992727
2.514545
1.525455
2.847273
2.547273
2.887273
2.520000
2.563636
1.992727
1.992727
2.916364
2.540000
2.543636
1.992727
1.992727
2.887273
2.532727
1.992727
1.992727
1.992727
1.992727
2.536364
2.567273
2.503636
2.876364
2.996364
1.992727
2.543636
2.487273
2.574545
2.514545
1.992727
2.847273
1.992727
2.501818
1.992727
2.547273
1.992727
1.992727
2.505455
1.992727
1.992727
2.525455
2.556364
2.814545
1.992727
2.803636
2.894545
2.536364
2.887273
1.992727
1.992727
1.992727
1.992727
1.992727
1.992727
1.992727
1.992727
1.992727
1.992727
1.992727
2.956364
1.992727
1.992727
1.992727
1.992727
2.556364
1.992727
