1.960000
2.550000
1.960000
1.960000
1.960000
1.840000
2.880000
2.500000
2.980000
2.940000
2.420000
1.960000
2.940000
1.960000
2.510000
1.960000
1.960000
1.960000
1.960000
2.960000
2.480000
2.800000
1.960000
1.960000
1.960000
2.520000
3.040000
1.960000
2.860000
2.470000
1.960000
1.960000
1.960000
1.960000
2.500000
2.460000
2.700000
2.470000
2.880000
1.960000
1.960000
2.440000
1.960000
2.490000
1.960000
1.960000
2.530000
1.960000
1.960000
1.960000
2.500000
1.960000
1.960000
2.530000
2.450000
1.960000
2.490000
1.960000
2.510000
1.960000
1.960000
1.960000
2.880000
2.490000
2.880000
2.400000
2.480000
1.960000
2.840000
1.960000
2.470000
2.880000
1.960000
1.960000
1.960000
2.530000
1.960000
1.960000
1.960000
2.460000
3.040000
1.960000
1.960000
1.960000
1.960000
2.800000
1.960000
2.550000
2.460000
2.920000
1.960000
1.960000
1.960000
1.960000
