2.524000
1.996000
1.996000
1.996000
1.996000
2.535000
1.996000
1.996000
2.545000
2.550000
1.996000
2.946000
1.996000
1.996000
2.526000
2.876000
2.868000
2.882000
1.996000
1.996000
2.518000
2.868000
1.996000
1.996000
2.908000
2.976000
2.960000
1.996000
2.848000
1.996000
1.996000
1.996000
2.844000
1.996000
2.528000
1.880000
2.936000
1.996000
2.512000
1.996000
1.996000
2.962000
1.996000
2.560000
2.920000
2.948000
2.544000
2.894000
1.996000
2.535000
1.996000
2.898000
2.958000
1.996000
1.996000
1.996000
1.996000
2.543000
1.996000
2.536000
1.996000
2.555000
2.852000
1.996000
1.996000
1.996000
1.996000
1.996000
1.996000
2.540000
1.996000
1.996000
1.996000
1.996000
1.996000
1.996000
1.996000
2.517000
1.996000
2.542000
2.531000
2.856000
2.500000
1.996000
1.996000
1.996000
