640.015588
635.008548
535.041049
550.006783
555.016643
530.047956
560.010082
535.029387
555.017163
635.021944
557.013083
655.006948
550.014484
555.018223
650.014203
560.015064
545.031157
546.014462
485.022323
645.018583
550.026023
540.017443
555.012557
635.021104
545.013003
540.021103
551.011378
535.021178
540.007608
560.009263
531.007444
590.016403
560.021023
510.012443
545.018704
635.006407
560.010063
535.020897
551.004260
550.015782
635.019000
555.008024
540.018524
555.023596
560.018622
636.006844
636.010424
531.013004
535.009403
540.016183
655.030956
550.017984
605.023044
636.004220
560.024794
535.015527
546.009623
535.020123
565.016343
565.006747
556.006767
550.011102
545.024862
636.006768
575.015963
555.014502
600.023884
536.010247
545.023879
530.161421
580.016142
530.020403
560.020538
535.019443
551.013843
610.012687
555.025625
490.010544
560.029327
545.021983
531.012828
655.014283
585.014823
535.018533
545.025698
550.015243
