244.915294
256.407059
200.136471
245.660000
342.201176
178.092941
285.485882
172.316471
225.444706
234.871765
340.991765
198.783529
281.441176
262.547059
237.078824
310.805882
284.725882
299.110588
287.131765
357.000000
304.996471
277.769412
298.690588
295.558824
162.855294
252.827059
249.025882
200.581176
242.888235
269.438824
288.561176
264.771765
265.254118
299.223529
217.875294
200.990588
226.543529
267.812941
226.344706
162.148235
282.256471
231.635294
270.016471
283.220000
201.045882
241.852941
314.182353
214.834118
292.483529
222.488235
272.531765
230.949412
295.296471
292.700000
238.154118
223.618824
322.858824
252.622353
222.089412
200.305882
304.435294
296.332941
220.592941
260.704706
259.798824
232.735294
162.185882
269.090588
256.795294
232.671765
219.782353
155.232941
383.303529
242.710588
229.245882
239.961176
224.467059
243.595294
287.698824
215.468235
226.270588
277.661176
177.636471
211.784706
228.914118
262.451765
221.116471
244.775294
292.404706
220.636471
271.268235
405.603529
321.274118
182.083529
203.368235
189.598824
231.314118
249.730588
261.012941
274.512941
