153.807500
205.717500
244.577500
239.477500
154.185000
92.717500
231.757500
181.737500
296.815000
137.535000
143.660000
158.707500
274.297500
178.242500
140.037500
117.042500
188.747500
174.250000
243.367500
172.742500
213.397500
224.015000
294.615000
143.100000
169.362500
153.692500
216.260000
215.525000
286.117500
218.537500
340.042500
142.475000
208.725000
150.762500
224.780000
189.287500
192.312500
259.212500
154.937500
153.985000
152.137500
220.115000
265.432500
212.857500
289.625000
273.892500
130.677500
213.600000
204.887500
237.112500
136.092500
234.907500
187.020000
151.557500
191.227500
264.557500
302.237500
168.757500
199.010000
172.135000
275.942500
167.505000
149.257500
195.925000
194.192500
144.365000
146.940000
233.732500
92.855000
138.910000
173.430000
207.712500
130.922500
177.482500
187.892500
126.205000
181.602500
162.762500
192.590000
219.482500
160.155000
174.022500
246.197500
231.127500
206.860000
146.235000
225.730000
226.280000
170.560000
143.962500
295.572500
368.182500
196.210000
171.722500
117.600000
184.717500
253.482500
155.560000
236.140000
235.270000
