269.158571
169.730000
225.212857
257.782857
192.732857
197.232857
183.091429
203.335714
137.455714
143.602857
149.934286
246.815714
215.405714
258.930000
277.450000
203.442857
318.901429
203.531429
202.404286
275.648571
307.902857
353.672857
296.697143
156.051429
274.504286
205.691429
312.047143
278.468571
273.311429
178.908571
165.464286
144.920000
266.564286
214.428571
163.524286
184.245714
190.412857
184.367143
216.200000
351.281429
144.930000
193.468571
181.367143
146.195714
371.091429
177.952857
126.702857
176.382857
253.300000
247.470000
394.442857
281.941429
277.942857
200.858571
152.268571
248.838571
151.631429
199.640000
200.308571
166.241429
205.781429
218.280000
224.221429
252.615714
232.318571
344.215714
229.537143
181.152857
179.485714
206.115714
248.908571
176.877143
274.978571
235.045714
207.762857
288.291429
263.690000
207.608571
219.474286
277.125714
162.765714
199.028571
205.084286
179.815714
171.551429
287.115714
203.754286
244.060000
288.230000
221.181429
187.934286
141.664286
200.455714
301.441429
315.215714
393.168571
234.438571
263.958571
198.701429
276.544286
