2.521429
1.544286
1.994286
2.547143
1.994286
1.994286
1.994286
1.994286
1.994286
2.882857
1.994286
1.994286
1.994286
2.862857
1.994286
2.560000
2.517143
2.908571
1.994286
2.880000
2.871429
2.897143
2.851429
2.902857
1.994286
2.522857
2.547143
2.908571
1.994286
1.994286
2.534286
2.920000
2.531429
2.560000
1.994286
1.994286
2.842857
2.564286
1.994286
1.994286
2.885714
1.994286
1.994286
2.530000
2.931429
2.551429
2.510000
2.885714
1.994286
1.994286
2.874286
2.500000
2.574286
2.495714
1.994286
2.862857
2.538571
1.994286
2.600000
1.994286
1.994286
2.557143
2.545714
2.567143
1.994286
2.564286
2.498571
2.934286
1.994286
1.994286
1.994286
2.997143
1.994286
2.544286
2.891429
1.994286
1.994286
2.874286
1.994286
2.578571
2.808571
2.548571
2.534286
1.994286
1.994286
2.902857
2.535714
2.565714
1.994286
2.880000
2.547143
2.531429
2.537143
1.994286
2.877143
2.874286
2.894286
1.994286
1.994286
2.871429
