1.984000
2.572000
2.824000
1.984000
2.552000
1.984000
2.508000
2.568000
2.520000
1.984000
3.000000
2.476000
2.540000
2.896000
2.656000
1.592000
1.984000
1.984000
1.984000
2.816000
2.532000
1.984000
1.984000
1.984000
2.532000
2.936000
2.488000
2.896000
2.548000
2.848000
2.532000
1.984000
2.928000
1.984000
1.984000
1.984000
2.480000
1.984000
2.552000
1.984000
1.984000
1.984000
2.532000
2.912000
2.832000
2.856000
2.468000
1.984000
2.504000
2.520000
2.848000
1.984000
2.912000
2.944000
2.808000
1.984000
2.520000
2.800000
1.984000
2.512000
1.984000
1.984000
2.904000
1.984000
1.984000
1.984000
2.512000
2.800000
2.520000
1.984000
1.984000
2.508000
1.984000
1.984000
2.544000
2.508000
2.500000
2.508000
1.984000
1.984000
2.488000
2.508000
1.984000
2.720000
1.984000
2.492000
2.560000
2.532000
1.984000
1.984000
2.516000
2.564000
1.984000
2.872000
2.920000
1.984000
1.984000
2.584000
2.872000
1.984000
