1.995294
2.884706
1.995294
2.520000
1.995294
1.995294
1.995294
1.995294
1.995294
2.863529
1.995294
1.995294
2.514118
1.995294
2.517647
1.995294
2.910588
2.537647
2.509412
2.934118
2.550588
2.529412
1.995294
1.995294
1.995294
2.887059
2.903529
1.995294
1.995294
2.917647
1.995294
2.538824
1.995294
2.501176
1.995294
1.995294
2.532941
2.545882
2.517647
2.538824
2.894118
2.545882
1.995294
2.861176
2.517647
1.995294
2.575294
1.995294
2.503529
1.995294
2.532941
2.544706
1.995294
1.995294
2.880000
2.503529
2.537647
1.995294
2.943529
1.995294
2.537647
2.503529
1.995294
2.912941
2.555294
2.835294
1.995294
1.995294
1.995294
2.536471
1.995294
2.512941
2.540000
2.522353
2.544706
2.884706
2.544706
2.880000
1.995294
1.995294
1.995294
2.507059
2.528235
1.995294
2.960000
1.995294
2.943529
1.995294
2.523529
1.995294
2.863529
1.995294
2.927059
1.995294
1.995294
1.995294
2.564706
1.995294
2.522353
1.995294
