425.020903
430.014463
330.021097
426.007997
425.012203
427.007663
427.008403
425.018983
426.012805
345.027905
425.013083
425.020977
425.009087
425.011323
426.006943
440.009463
425.009043
427.011674
330.020710
430.020461
425.012663
425.060569
435.011562
425.037281
426.010403
435.021342
430.012203
335.038709
345.019076
427.006487
427.007783
340.018842
430.013742
400.022302
425.011683
426.008377
440.015163
365.017822
435.008382
530.022478
427.007183
425.050500
340.015782
425.020997
435.009603
340.033566
426.008650
440.016802
435.017583
425.019336
425.014183
340.025570
425.017383
426.697193
340.013242
380.018662
427.015223
430.014983
430.019162
426.008643
425.079484
425.015103
350.022003
335.020981
410.010182
430.017662
380.011007
445.009979
336.012483
426.016125
425.043935
426.008428
426.010143
425.019178
345.014782
340.015666
425.010443
430.018623
425.035671
430.016882
341.004159
355.016562
435.015022
427.012963
332.007062
426.006727
355.008606
425.022174
530.024403
435.018642
426.007163
427.009123
426.011466
430.012083
426.007101
425.030535
330.033554
425.057241
425.013927
425.019523
