500.019183
435.030865
427.008630
446.011763
530.026877
435.011021
435.023527
450.015322
435.016642
431.007320
435.021143
430.022523
425.022501
530.025475
530.022693
430.016334
530.087501
530.021317
530.016603
445.017103
531.009754
530.016479
531.007283
426.026015
445.021023
530.012923
531.008683
531.007577
455.012523
440.026455
435.022182
430.014467
451.007703
430.024023
350.011302
425.015543
440.017538
426.011966
505.011863
530.013263
427.007763
436.012998
430.025988
426.007787
535.009683
430.031017
425.026637
430.019503
445.022742
530.019843
530.032116
450.015251
450.015063
430.010323
440.024603
440.063496
532.012423
530.014283
435.018243
440.014042
426.012163
442.013603
426.014003
440.034343
441.007883
445.013123
440.037604
441.012065
440.010123
445.020857
435.027241
440.012983
530.014243
445.132084
435.012323
530.023324
436.009583
440.014642
435.023726
475.013243
425.028050
431.013083
530.018183
425.074545
445.009679
455.018781
440.023083
440.008362
531.012546
460.013583
530.024893
380.006647
425.032712
545.023794
441.011025
460.010043
435.016048
450.012163
531.009090
445.012402
