535.017007
490.012107
532.014043
540.021875
545.017082
530.044621
535.017283
532.011683
471.017598
533.007955
535.018964
450.017283
530.030532
531.012364
530.016781
540.015460
465.017184
540.017683
532.008791
550.007643
470.018383
535.017343
540.011363
545.013223
530.018784
550.012239
540.016903
530.015320
530.024255
535.014803
555.011783
535.020757
530.022173
535.014487
540.018744
450.018182
550.022281
535.011982
530.036560
535.015623
555.014103
531.009927
480.018443
540.022880
635.006828
535.011484
541.008683
455.018403
545.020003
530.088423
545.012622
535.012607
445.010042
545.011803
535.008924
530.038513
530.020451
540.021062
540.012283
450.029808
550.010063
490.021105
545.021259
531.008174
530.012584
460.013043
435.013562
530.014204
545.025883
536.009183
530.024613
450.024084
535.020163
480.013567
530.014604
465.016083
531.007643
531.008587
550.019923
443.007863
535.012103
550.011563
450.014322
510.018563
532.010284
530.051439
530.023360
440.008083
530.019157
533.009287
450.030676
565.014943
545.015323
540.017043
545.020239
531.006903
555.008847
480.016983
475.015283
540.021063
