130.015821
120.017981
215.027380
215.013645
125.022281
216.006665
125.017760
130.017121
216.013316
215.014881
215.021255
216.009461
120.004838
216.014743
160.015221
117.008741
215.044783
120.028368
220.016861
215.011785
165.023081
120.014081
216.006525
150.009405
120.015501
215.033485
215.057966
120.036914
215.026355
216.009201
125.012041
215.036483
215.017241
215.014356
165.015545
135.018961
215.012561
215.019051
215.012565
135.018621
217.007121
215.012545
117.006825
120.025103
216.012901
116.014972
215.017101
118.013201
120.014281
220.014901
215.038920
118.006905
121.014021
215.039750
215.023296
210.013781
215.019678
130.023081
155.011081
215.037957
216.008301
216.013861
120.031901
120.021384
215.026755
120.035796
215.020716
116.014981
215.035167
216.012935
215.018674
215.037071
215.019901
118.007981
215.028733
215.020181
160.018821
216.014490
215.024470
215.018580
215.021695
215.022546
215.050788
215.019601
125.017721
120.019960
120.020985
118.007419
121.006021
216.020259
216.015281
120.021981
116.030642
145.016121
