325.017722
326.004200
336.006622
350.011442
325.009179
330.015222
321.693712
330.022142
425.028128
325.032361
322.182658
425.023530
425.018722
330.024766
325.019657
320.038971
325.015622
330.005919
425.006447
322.204338
360.016962
340.024044
340.019502
321.007763
325.016942
320.022933
425.010402
335.015161
325.020289
425.008083
335.018702
315.016282
331.007861
340.017741
425.017361
322.013442
330.021104
330.014281
325.016240
350.011402
330.023757
425.023661
340.020783
321.004020
321.006902
335.035312
260.010202
320.026646
325.012402
425.015635
335.009961
330.018861
325.012942
270.022122
320.042167
330.019102
345.011041
325.019693
336.009762
332.014422
345.029855
425.025726
321.667175
340.012906
330.022042
321.008143
320.030803
425.013723
325.019982
325.013002
333.007022
425.023675
325.042372
327.010805
330.022541
330.016082
326.008622
325.012681
325.021667
331.010200
335.030603
325.006999
425.015394
330.010799
325.007159
326.009362
340.012486
425.020158
335.011042
330.009822
335.020955
335.010853
325.024141
360.012981
325.025012
425.010043
427.006982
325.020022
325.011898
336.020577
