320.018382
222.009024
320.021282
321.011241
320.022967
323.009269
320.020202
225.018081
240.013161
325.015242
230.018242
321.011382
245.020162
325.011862
321.006962
330.020141
320.028820
320.015102
320.025477
321.007462
320.059583
321.009805
221.007006
235.012565
230.021845
320.021036
320.012582
321.011342
230.017841
225.015676
230.018981
225.041259
321.007800
320.007766
230.013241
320.019462
320.080544
320.069801
325.018762
322.011562
322.007962
325.023602
227.008021
320.025685
230.017161
235.021188
320.037241
230.024147
225.020237
321.009824
320.019056
321.009182
325.018102
235.013141
320.039476
320.047936
321.007302
320.037401
320.021456
320.017202
320.019142
320.021376
235.019282
227.009938
320.016442
230.034642
321.006446
231.008361
320.081628
320.013042
320.016814
250.016981
225.046655
330.013842
320.109083
322.009162
320.024971
225.045782
321.010113
320.015022
320.040529
240.015621
320.022267
320.067467
320.029923
235.014308
226.008988
320.027128
228.006765
320.014466
325.014325
226.012054
225.024377
321.009182
230.013765
320.019282
230.021762
240.014102
322.007022
320.027541
