For 100 nodes
165.444 , 147.513 , 46.105 , 115.022 , 220.018 , 2.000 , 2.000 , 0.000 , 2.000 , 2.000
, 251.290 , 252.780 , 53.355 , 130.230 , 425.680
For 250 nodes
293.791 , 320.028 , 40.876 , 220.028 , 330.022 , 2.000 , 2.000 , 0.000 , 2.000 , 2.000
, 298.380 , 286.026 , 63.960 , 183.696 , 502.208
For 400 nodes
349.072 , 330.031 , 37.700 , 320.010 , 426.008 , 2.000 , 2.000 , 0.000 , 2.000 , 2.000
, 294.252 , 291.285 , 57.402 , 195.585 , 552.180
For 550 nodes
410.948 , 425.045 , 36.348 , 332.007 , 530.014 , 2.000 , 2.000 , 0.000 , 2.000 , 2.000
, 286.222 , 274.818 , 56.128 , 184.858 , 443.602
For 700 nodes
451.769 , 436.012 , 34.747 , 425.017 , 540.018 , 2.000 , 2.000 , 0.000 , 2.000 , 2.000
, 346.558 , 339.156 , 65.582 , 193.180 , 519.539
For 850 nodes
521.980 , 531.011 , 33.977 , 437.011 , 635.016 , 2.000 , 2.000 , 0.000 , 2.000 , 2.000
, 371.917 , 371.169 , 62.322 , 219.681 , 536.707
For 1000 nodes
562.110 , 550.014 , 40.780 , 470.020 , 645.019 , 2.000 , 2.000 , 0.000 , 2.000 , 2.000
, 410.308 , 405.038 , 54.959 , 306.186 , 553.321
For 1150 nodes
625.883 , 635.535 , 33.936 , 551.008 , 660.022 , 2.000 , 2.000 , 0.000 , 2.000 , 2.000
, 435.445 , 431.323 , 77.099 , 327.719 , 659.603
For 1300 nodes
648.456 , 647.525 , 10.028 , 635.013 , 670.042 , 2.000 , 2.000 , 0.000 , 2.000 , 2.000
, 427.329 , 414.735 , 54.768 , 325.800 , 533.887
For 1450 nodes
739.715 , 741.012 , 25.151 , 670.016 , 770.019 , 2.000 , 2.000 , 0.000 , 2.000 , 2.000
, 502.125 , 514.333 , 34.103 , 420.488 , 535.010
For 1600 nodes
751.641 , 747.516 , 11.314 , 741.008 , 775.018 , 2.000 , 2.000 , 0.000 , 2.000 , 2.000
, 492.213 , 485.771 , 40.405 , 441.962 , 572.779
